detection_acc@0.5: 0.08216433227062225
mean_bbox_iou: 0.18839947879314423
seg_miou: 0.5601363684982061
dice: 0.6748055517673492
cls_top1_acc: 0.10020040080160321
cls_macro_f1: 0.01821493624772313

Confusion Matrix:
[[ 0  0  0  0 50  0  0  0  0  0]
 [ 0  0  0  0 50  0  0  0  0  0]
 [ 0  0  0  0 49  0  0  0  0  0]
 [ 0  0  0  0 50  0  0  0  0  0]
 [ 0  0  0  0 50  0  0  0  0  0]
 [ 0  0  0  0 50  0  0  0  0  0]
 [ 0  0  0  0 50  0  0  0  0  0]
 [ 0  0  0  0 50  0  0  0  0  0]
 [ 0  0  0  0 50  0  0  0  0  0]
 [ 0  0  0  0 50  0  0  0  0  0]]
