detection_acc@0.5: 0.09819639474153519
mean_bbox_iou: 0.20903587341308594
seg_miou: 0.7975277937948704
dice: 0.8765407614409924
cls_top1_acc: 0.8496993987975952
cls_macro_f1: 0.8488990610590715

Confusion Matrix:
[[49  0  1  0  0  0  0  0  0  0]
 [ 4 42  2  0  1  0  0  0  1  0]
 [ 1  4 43  0  0  0  0  1  0  0]
 [ 1  1  0 41  1  0  0  0  0  6]
 [ 1  0  6  0 42  0  0  0  1  0]
 [ 0  0  0  2  0 48  0  0  0  0]
 [ 0  0  0  0  0  0 45  3  0  2]
 [11  0  2  0  4  0  0 31  2  0]
 [ 0  3  0  1  1  0  0  0 43  2]
 [ 2  0  1  3  0  0  4  0  0 40]]
